NT	PI	CH	T
8 3.137160 1 0.031765
7 3.134160 1 0.029260
6 3.142880 1 0.029735
5 3.155400 1 0.027072
4 3.149840 1 0.023106
3 3.142600 1 0.018389
2 3.140520 1 0.024269
1 3.139520 1 0.003488
8 3.147040 101 0.027726
7 3.139160 101 0.028505
6 3.147000 101 0.028950
5 3.137320 101 0.024543
4 3.148280 101 0.021782
3 3.133520 101 0.022646
2 3.142440 101 0.017264
1 3.143320 101 0.002859
8 3.143760 201 0.027384
7 3.135880 201 0.028502
6 3.140880 201 0.028909
5 3.141120 201 0.025067
4 3.141880 201 0.021285
3 3.136920 201 0.022667
2 3.145840 201 0.019650
1 3.138720 201 0.002839
8 3.132920 301 0.027440
7 3.134560 301 0.028520
6 3.137760 301 0.028809
5 3.138280 301 0.025711
4 3.133280 301 0.017997
3 3.146800 301 0.022246
2 3.150160 301 0.016569
1 3.144480 301 0.002854
8 3.140400 401 0.027282
7 3.147760 401 0.028428
6 3.139200 401 0.028506
5 3.147440 401 0.025125
4 3.136000 401 0.020646
3 3.135560 401 0.017178
2 3.146760 401 0.008199
1 3.136920 401 0.003068
8 3.137760 501 0.027297
7 3.139960 501 0.028786
6 3.134520 501 0.029634
5 3.142360 501 0.023499
4 3.147880 501 0.021749
3 3.141960 501 0.022156
2 3.137560 501 0.017136
1 3.135240 501 0.002847
8 3.135600 601 0.027475
7 3.136840 601 0.027981
6 3.138680 601 0.026620
5 3.139720 601 0.023925
4 3.145160 601 0.021190
3 3.135400 601 0.022697
2 3.145320 601 0.016870
1 3.145160 601 0.002901
8 3.141160 701 0.027484
7 3.143400 701 0.028527
6 3.138640 701 0.028804
5 3.143120 701 0.025249
4 3.136920 701 0.018200
3 3.147600 701 0.022675
2 3.140120 701 0.022804
1 3.139200 701 0.002848
8 3.145520 801 0.027746
7 3.144200 801 0.028246
6 3.146680 801 0.028557
5 3.142840 801 0.025293
4 3.139320 801 0.018604
3 3.141160 801 0.022912
2 3.140320 801 0.021250
1 3.145040 801 0.002851
8 3.148760 901 0.027388
7 3.129280 901 0.028472
6 3.137920 901 0.028223
5 3.132960 901 0.024878
4 3.143680 901 0.020816
3 3.145280 901 0.017750
2 3.149240 901 0.040499
1 3.148960 901 0.002880
8 3.143880 1001 0.027412
7 3.144680 1001 0.028275
6 3.139040 1001 0.028954
5 3.126840 1001 0.026587
4 3.134200 1001 0.019863
3 3.146040 1001 0.020177
2 3.146600 1001 0.020513
1 3.135040 1001 0.002805
8 3.136240 1101 0.029566
7 3.146080 1101 0.030775
6 3.149560 1101 0.030732
5 3.135320 1101 0.026624
4 3.135400 1101 0.018214
3 3.136120 1101 0.022770
2 3.145200 1101 0.016813
1 3.148720 1101 0.002851
8 3.144080 1201 0.029336
7 3.135080 1201 0.030089
6 3.142520 1201 0.030685
5 3.139480 1201 0.026696
4 3.140200 1201 0.018948
3 3.145240 1201 0.022495
2 3.139440 1201 0.020038
1 3.148960 1201 0.002805
8 3.137080 1301 0.029556
7 3.145760 1301 0.030486
6 3.146560 1301 0.031131
5 3.136720 1301 0.026128
4 3.136280 1301 0.021060
3 3.139320 1301 0.016995
2 3.152240 1301 0.023232
1 3.147760 1301 0.002882
8 3.145640 1401 0.029019
7 3.135320 1401 0.030559
6 3.141240 1401 0.030030
5 3.143760 1401 0.026521
4 3.148720 1401 0.018554
3 3.143960 1401 0.022310
2 3.143680 1401 0.017745
1 3.147600 1401 0.002850
8 3.142160 1501 0.029172
7 3.136800 1501 0.030401
6 3.147120 1501 0.030241
5 3.151240 1501 0.026719
4 3.126280 1501 0.018658
3 3.153920 1501 0.022897
2 3.146200 1501 0.018087
1 3.141720 1501 0.002882
8 3.140920 1601 0.028624
7 3.138480 1601 0.030379
6 3.142200 1601 0.030405
5 3.128320 1601 0.026771
4 3.142960 1601 0.018684
3 3.137760 1601 0.022479
2 3.150160 1601 0.017431
1 3.135440 1601 0.002835
8 3.144600 1701 0.030255
7 3.143560 1701 0.030164
6 3.138040 1701 0.026701
5 3.146760 1701 0.023581
4 3.134280 1701 0.018689
3 3.153760 1701 0.017522
2 3.145920 1701 0.019110
1 3.134280 1701 0.002805
8 3.142240 1801 0.029564
7 3.142200 1801 0.030931
6 3.139840 1801 0.028800
5 3.132360 1801 0.023043
4 3.152240 1801 0.021211
3 3.144680 1801 0.018856
2 3.137520 1801 0.029164
1 3.140640 1801 0.002851
8 3.132680 1901 0.030177
7 3.145400 1901 0.030732
6 3.148480 1901 0.029867
5 3.143160 1901 0.027236
4 3.131680 1901 0.021790
3 3.142440 1901 0.022272
2 3.140000 1901 0.013985
1 3.143440 1901 0.002819
8 3.139720 2001 0.029425
7 3.136560 2001 0.029144
6 3.142840 2001 0.030558
5 3.137360 2001 0.026390
4 3.147760 2001 0.018915
3 3.139240 2001 0.022153
2 3.144080 2001 0.014881
1 3.139240 2001 0.002864
8 3.145960 2101 0.029219
7 3.140240 2101 0.030574
6 3.129200 2101 0.030881
5 3.146680 2101 0.026377
4 3.142680 2101 0.021737
3 3.149920 2101 0.022373
2 3.147440 2101 0.014765
1 3.145080 2101 0.002892
8 3.142360 2201 0.028967
7 3.143560 2201 0.030968
6 3.143160 2201 0.030615
5 3.139720 2201 0.025876
4 3.141720 2201 0.018639
3 3.132600 2201 0.022518
2 3.141120 2201 0.014975
1 3.145760 2201 0.002813
8 3.138880 2301 0.028840
7 3.139240 2301 0.029740
6 3.144840 2301 0.030566
5 3.144600 2301 0.026566
4 3.147080 2301 0.018376
3 3.155440 2301 0.022255
2 3.139120 2301 0.014763
1 3.137040 2301 0.002849
8 3.142160 2401 0.029390
7 3.140880 2401 0.029625
6 3.150960 2401 0.028531
5 3.134040 2401 0.024887
4 3.145000 2401 0.022616
3 3.137240 2401 0.022741
2 3.145800 2401 0.016141
1 3.151400 2401 0.002844
8 3.145640 2501 0.029302
7 3.146440 2501 0.029415
6 3.136160 2501 0.030888
5 3.140880 2501 0.025865
4 3.131240 2501 0.018573
3 3.141680 2501 0.022537
2 3.141760 2501 0.019114
1 3.138240 2501 0.002837
8 3.133200 2601 0.029744
7 3.139960 2601 0.029879
6 3.142800 2601 0.030049
5 3.144760 2601 0.026766
4 3.152040 2601 0.018680
3 3.134160 2601 0.022763
2 3.141120 2601 0.018716
1 3.137760 2601 0.002878
8 3.145680 2701 0.029014
7 3.139640 2701 0.030517
6 3.137560 2701 0.029954
5 3.141680 2701 0.025607
4 3.135520 2701 0.020811
3 3.137560 2701 0.016796
2 3.142480 2701 0.017155
1 3.135080 2701 0.002839
8 3.149800 2801 0.028928
7 3.126560 2801 0.029658
6 3.134800 2801 0.030107
5 3.151200 2801 0.025933
4 3.140920 2801 0.018854
3 3.134520 2801 0.022419
2 3.138520 2801 0.018804
1 3.143120 2801 0.002848
8 3.139160 2901 0.028233
7 3.135680 2901 0.029876
6 3.151040 2901 0.030811
5 3.140240 2901 0.026195
4 3.150840 2901 0.018130
3 3.144600 2901 0.022273
2 3.139840 2901 0.018682
1 3.141080 2901 0.002804
8 3.136080 3001 0.028902
7 3.134160 3001 0.030077
6 3.143960 3001 0.029953
5 3.143000 3001 0.026153
4 3.144160 3001 0.018374
3 3.144760 3001 0.022338
2 3.139800 3001 0.017253
1 3.134960 3001 0.002804
8 3.141560 3101 0.028549
7 3.146800 3101 0.029534
6 3.137640 3101 0.030262
5 3.144000 3101 0.026884
4 3.141640 3101 0.018189
3 3.133400 3101 0.022324
2 3.138400 3101 0.017068
1 3.144560 3101 0.002807
8 3.142800 3201 0.029423
7 3.140560 3201 0.030387
6 3.149120 3201 0.030376
5 3.142760 3201 0.026371
4 3.141640 3201 0.018984
3 3.137360 3201 0.022553
2 3.136640 3201 0.017509
1 3.141440 3201 0.002849
8 3.135520 3301 0.029071
7 3.139000 3301 0.030120
6 3.137640 3301 0.030935
5 3.153400 3301 0.026181
4 3.145000 3301 0.018548
3 3.147040 3301 0.022740
2 3.134640 3301 0.018790
1 3.139080 3301 0.003100
8 3.134080 3401 0.029142
7 3.149880 3401 0.029692
6 3.144040 3401 0.030515
5 3.151280 3401 0.025880
4 3.143560 3401 0.018759
3 3.140640 3401 0.023079
2 3.138000 3401 0.018683
1 3.144200 3401 0.002813
8 3.142000 3501 0.029095
7 3.144240 3501 0.029972
6 3.137840 3501 0.029532
5 3.145640 3501 0.025904
4 3.142160 3501 0.018555
3 3.145320 3501 0.022620
2 3.152920 3501 0.019925
1 3.138360 3501 0.002836
8 3.139320 3601 0.029051
7 3.145680 3601 0.030459
6 3.134320 3601 0.029669
5 3.136240 3601 0.026602
4 3.151960 3601 0.018746
3 3.142320 3601 0.022640
2 3.138960 3601 0.016924
1 3.136160 3601 0.002813
8 3.143880 3701 0.029464
7 3.141520 3701 0.030203
6 3.142920 3701 0.029932
5 3.140320 3701 0.027524
4 3.136440 3701 0.019072
3 3.136880 3701 0.022950
2 3.134760 3701 0.015988
1 3.137080 3701 0.002863
8 3.138760 3801 0.028343
7 3.143720 3801 0.030169
6 3.139840 3801 0.029806
5 3.141800 3801 0.026168
4 3.137960 3801 0.019749
3 3.137880 3801 0.022734
2 3.137800 3801 0.018469
1 3.141040 3801 0.002875
8 3.150200 3901 0.029142
7 3.131960 3901 0.029955
6 3.146000 3901 0.030781
5 3.148120 3901 0.026282
4 3.142280 3901 0.018809
3 3.146240 3901 0.022418
2 3.136040 3901 0.017377
1 3.138000 3901 0.002840
8 3.147760 4001 0.028843
7 3.137400 4001 0.029482
6 3.137720 4001 0.029200
5 3.135840 4001 0.025760
4 3.143320 4001 0.018454
3 3.148640 4001 0.022489
2 3.142920 4001 0.020235
1 3.143680 4001 0.002840
8 3.147440 4101 0.029055
7 3.143800 4101 0.029741
6 3.148120 4101 0.031130
5 3.140320 4101 0.027036
4 3.132840 4101 0.018409
3 3.147600 4101 0.022091
2 3.132640 4101 0.023042
1 3.139480 4101 0.002813
8 3.143800 4201 0.029244
7 3.147760 4201 0.029616
6 3.147840 4201 0.030392
5 3.136080 4201 0.026249
4 3.140920 4201 0.018132
3 3.146800 4201 0.022832
2 3.141560 4201 0.019706
1 3.141920 4201 0.002815
8 3.136760 4301 0.029152
7 3.144640 4301 0.029963
6 3.151840 4301 0.030147
5 3.138480 4301 0.025563
4 3.144240 4301 0.018912
3 3.143840 4301 0.022613
2 3.146200 4301 0.017323
1 3.144400 4301 0.002850
8 3.136320 4401 0.029866
7 3.143880 4401 0.030611
6 3.151280 4401 0.029513
5 3.142480 4401 0.023740
4 3.147400 4401 0.020706
3 3.141920 4401 0.021934
2 3.141280 4401 0.015915
1 3.148840 4401 0.002851
8 3.138200 4501 0.028969
7 3.138240 4501 0.030669
6 3.139760 4501 0.029617
5 3.139600 4501 0.026213
4 3.139680 4501 0.019195
3 3.134640 4501 0.022476
2 3.144560 4501 0.017000
1 3.146040 4501 0.002836
8 3.140200 4601 0.029663
7 3.142600 4601 0.029320
6 3.146440 4601 0.029079
5 3.139040 4601 0.021863
4 3.139840 4601 0.019808
3 3.155520 4601 0.022359
2 3.145760 4601 0.014672
1 3.138520 4601 0.002849
8 3.140840 4701 0.028920
7 3.135200 4701 0.029785
6 3.140920 4701 0.030458
5 3.147440 4701 0.027056
4 3.143240 4701 0.018695
3 3.141920 4701 0.022373
2 3.140880 4701 0.015377
1 3.140880 4701 0.002844
8 3.140880 4801 0.029042
7 3.147960 4801 0.029938
6 3.142400 4801 0.029588
5 3.147040 4801 0.023150
4 3.135080 4801 0.020497
3 3.141040 4801 0.016459
2 3.144760 4801 0.013732
1 3.146720 4801 0.002883
8 3.136720 4901 0.029189
7 3.136040 4901 0.030518
6 3.141840 4901 0.029948
5 3.146320 4901 0.026115
4 3.135120 4901 0.018782
3 3.144920 4901 0.021957
2 3.146280 4901 0.015274
1 3.147040 4901 0.002926
8 3.137600 5001 0.028830
7 3.141720 5001 0.031380
6 3.142640 5001 0.029893
5 3.143360 5001 0.026339
4 3.143600 5001 0.020970
3 3.139480 5001 0.022360
2 3.143880 5001 0.039538
1 3.138440 5001 0.002981
8 3.154720 5101 0.033412
7 3.144040 5101 0.031456
6 3.139920 5101 0.029934
5 3.142760 5101 0.023626
4 3.140320 5101 0.021260
3 3.143520 5101 0.019682
2 3.136360 5101 0.008192
1 3.141120 5101 0.003140
8 3.141400 5201 0.028130
7 3.137160 5201 0.030431
6 3.140120 5201 0.030167
5 3.144240 5201 0.027017
4 3.135680 5201 0.021074
3 3.143280 5201 0.019988
2 3.139680 5201 0.008343
1 3.127040 5201 0.003139
8 3.136120 5301 0.028694
7 3.144440 5301 0.029938
6 3.139080 5301 0.029633
5 3.145800 5301 0.024897
4 3.138960 5301 0.021543
3 3.142600 5301 0.020067
2 3.148280 5301 0.017897
1 3.146320 5301 0.002805
8 3.131360 5401 0.029390
7 3.142120 5401 0.029487
6 3.149600 5401 0.030054
5 3.137760 5401 0.025868
4 3.132720 5401 0.021378
3 3.132800 5401 0.022254
2 3.136880 5401 0.018640
1 3.143680 5401 0.002949
8 3.153040 5501 0.045272
7 3.135000 5501 0.030580
6 3.146520 5501 0.030199
5 3.139840 5501 0.024247
4 3.142120 5501 0.022456
3 3.140480 5501 0.020739
2 3.139960 5501 0.027014
1 3.149720 5501 0.002865
8 3.135960 5601 0.033142
7 3.146440 5601 0.030788
6 3.145080 5601 0.030228
5 3.147960 5601 0.024284
4 3.133280 5601 0.021948
3 3.141000 5601 0.022546
2 3.142920 5601 0.019396
1 3.150800 5601 0.002888
8 3.144280 5701 0.031948
7 3.130800 5701 0.031946
6 3.134960 5701 0.029427
5 3.150520 5701 0.027646
4 3.142640 5701 0.020336
3 3.152680 5701 0.019619
2 3.141520 5701 0.018477
1 3.141680 5701 0.002903
8 3.145160 5801 0.028976
7 3.143200 5801 0.029390
6 3.139480 5801 0.030442
5 3.138360 5801 0.026308
4 3.137200 5801 0.019366
3 3.148200 5801 0.022150
2 3.138040 5801 0.033542
1 3.140720 5801 0.002845
8 3.149600 5901 0.029072
7 3.132800 5901 0.029153
6 3.140400 5901 0.028859
5 3.142600 5901 0.026626
4 3.148840 5901 0.023292
3 3.141960 5901 0.021954
2 3.149880 5901 0.031298
1 3.147200 5901 0.002917
8 3.140720 6001 0.028696
7 3.135520 6001 0.030772
6 3.139000 6001 0.031018
5 3.137360 6001 0.026443
4 3.133280 6001 0.021370
3 3.137360 6001 0.022411
2 3.139320 6001 0.025557
1 3.141480 6001 0.003329
8 3.131080 6101 0.037667
7 3.140480 6101 0.030196
6 3.140520 6101 0.028570
5 3.145840 6101 0.025468
4 3.137720 6101 0.020838
3 3.151160 6101 0.017782
2 3.133080 6101 0.024150
1 3.142160 6101 0.002922
8 3.141680 6201 0.029279
7 3.149840 6201 0.030319
6 3.135800 6201 0.029627
5 3.136880 6201 0.026358
4 3.133520 6201 0.023072
3 3.143640 6201 0.023045
2 3.137160 6201 0.016378
1 3.140200 6201 0.002805
8 3.145400 6301 0.034516
7 3.142360 6301 0.030336
6 3.152520 6301 0.028619
5 3.135240 6301 0.026063
4 3.144760 6301 0.017906
3 3.148920 6301 0.016749
2 3.140360 6301 0.008151
1 3.135560 6301 0.003139
8 3.139600 6401 0.030472
7 3.136520 6401 0.030019
6 3.144000 6401 0.028205
5 3.144600 6401 0.026086
4 3.136160 6401 0.020448
3 3.141680 6401 0.018724
2 3.146440 6401 0.008333
1 3.140160 6401 0.003066
8 3.144600 6501 0.030331
7 3.136520 6501 0.029731
6 3.138920 6501 0.025598
5 3.145920 6501 0.023310
4 3.135360 6501 0.019901
3 3.137040 6501 0.017326
2 3.137120 6501 0.018867
1 3.143680 6501 0.002845
8 3.155800 6601 0.030410
7 3.138120 6601 0.029723
6 3.134440 6601 0.030029
5 3.152800 6601 0.026525
4 3.137160 6601 0.018323
3 3.139160 6601 0.022152
2 3.139560 6601 0.022476
1 3.129560 6601 0.002843
8 3.132200 6701 0.030459
7 3.139800 6701 0.029751
6 3.138600 6701 0.029256
5 3.145720 6701 0.025546
4 3.135120 6701 0.018852
3 3.147640 6701 0.021834
2 3.139360 6701 0.017542
1 3.142840 6701 0.003092
8 3.140920 6801 0.031167
7 3.137960 6801 0.031595
6 3.141000 6801 0.027148
5 3.141880 6801 0.023478
4 3.138760 6801 0.022292
3 3.137360 6801 0.020858
2 3.137320 6801 0.017556
1 3.142000 6801 0.002860
8 3.139080 6901 0.030565
7 3.139640 6901 0.030910
6 3.138120 6901 0.031281
5 3.137000 6901 0.026498
4 3.143480 6901 0.019761
3 3.152600 6901 0.022962
2 3.147880 6901 0.032802
1 3.134800 6901 0.002806
8 3.146520 7001 0.031190
7 3.147440 7001 0.030879
6 3.133280 7001 0.030621
5 3.143680 7001 0.022984
4 3.144240 7001 0.019663
3 3.144320 7001 0.017006
2 3.141680 7001 0.040798
1 3.135720 7001 0.002872
8 3.152880 7101 0.030433
7 3.147360 7101 0.030784
6 3.134560 7101 0.029877
5 3.145520 7101 0.024358
4 3.132400 7101 0.022094
3 3.135720 7101 0.020012
2 3.143520 7101 0.015075
1 3.140080 7101 0.002935
8 3.141040 7201 0.030710
7 3.144880 7201 0.030379
6 3.146280 7201 0.030484
5 3.143680 7201 0.026619
4 3.144240 7201 0.021465
3 3.145080 7201 0.019912
2 3.138000 7201 0.008195
1 3.139120 7201 0.003188
8 3.139640 7301 0.038900
7 3.139160 7301 0.040207
6 3.125240 7301 0.030233
5 3.150240 7301 0.026572
4 3.147080 7301 0.021184
3 3.135040 7301 0.019514
2 3.140240 7301 0.008138
1 3.147360 7301 0.003239
8 3.142080 7401 0.030517
7 3.141000 7401 0.030119
6 3.135000 7401 0.029669
5 3.152600 7401 0.023874
4 3.150600 7401 0.022068
3 3.142080 7401 0.021979
2 3.142520 7401 0.023658
1 3.138800 7401 0.002947
8 3.140120 7501 0.029308
7 3.146280 7501 0.030395
6 3.154680 7501 0.030374
5 3.148120 7501 0.023552
4 3.139960 7501 0.022618
3 3.143200 7501 0.021493
2 3.142760 7501 0.008874
1 3.139880 7501 0.003403
8 3.141280 7601 0.028615
7 3.143480 7601 0.030670
6 3.150680 7601 0.028854
5 3.140840 7601 0.028238
4 3.140200 7601 0.020624
3 3.135480 7601 0.022121
2 3.139880 7601 0.018102
1 3.139760 7601 0.002846
8 3.148920 7701 0.028232
7 3.136880 7701 0.030969
6 3.136760 7701 0.029291
5 3.147960 7701 0.026478
4 3.131520 7701 0.029135
3 3.142720 7701 0.033123
2 3.138640 7701 0.020360
1 3.145120 7701 0.002863
8 3.137240 7801 0.029343
7 3.147320 7801 0.031154
6 3.136360 7801 0.030257
5 3.145360 7801 0.026871
4 3.130160 7801 0.022930
3 3.142720 7801 0.022302
2 3.127600 7801 0.020971
1 3.149520 7801 0.002887
8 3.135400 7901 0.028126
7 3.139560 7901 0.030554
6 3.146480 7901 0.030116
5 3.137200 7901 0.026357
4 3.146280 7901 0.024461
3 3.139200 7901 0.024327
2 3.134360 7901 0.034160
1 3.145640 7901 0.003020
8 3.140120 8001 0.028494
7 3.142080 8001 0.030824
6 3.143720 8001 0.030693
5 3.139880 8001 0.026587
4 3.137480 8001 0.020507
3 3.137240 8001 0.022625
2 3.144760 8001 0.034595
1 3.138040 8001 0.002884
8 3.146200 8101 0.028000
7 3.138360 8101 0.028857
6 3.137080 8101 0.029203
5 3.137280 8101 0.026450
4 3.143080 8101 0.023843
3 3.147360 8101 0.019700
2 3.141480 8101 0.016554
1 3.132880 8101 0.003012
8 3.132160 8201 0.057896
7 3.146880 8201 0.029871
6 3.136920 8201 0.029689
5 3.133320 8201 0.025589
4 3.135160 8201 0.020628
3 3.136680 8201 0.021659
2 3.137000 8201 0.019709
1 3.133440 8201 0.002837
8 3.144080 8301 0.034088
7 3.143680 8301 0.040944
6 3.138600 8301 0.031440
5 3.139400 8301 0.025997
4 3.133800 8301 0.022402
3 3.137600 8301 0.021930
2 3.142760 8301 0.019303
1 3.139440 8301 0.002890
8 3.147720 8401 0.028223
7 3.147400 8401 0.027693
6 3.141200 8401 0.030059
5 3.145320 8401 0.026358
4 3.140400 8401 0.022856
3 3.147160 8401 0.022308
2 3.144320 8401 0.017496
1 3.138480 8401 0.002928
8 3.137880 8501 0.027729
7 3.139240 8501 0.029143
6 3.141800 8501 0.029963
5 3.137400 8501 0.024846
4 3.137480 8501 0.021457
3 3.142440 8501 0.018078
2 3.138840 8501 0.032248
1 3.145480 8501 0.002854
8 3.134520 8601 0.034851
7 3.143400 8601 0.029225
6 3.130520 8601 0.030065
5 3.147040 8601 0.024919
4 3.141840 8601 0.020609
3 3.136400 8601 0.017629
2 3.136000 8601 0.008151
1 3.139240 8601 0.003129
8 3.135680 8701 0.027811
7 3.138880 8701 0.029595
6 3.144360 8701 0.029492
5 3.144000 8701 0.024885
4 3.136360 8701 0.021812
3 3.145200 8701 0.019525
2 3.131040 8701 0.008339
1 3.136440 8701 0.003179
8 3.153320 8801 0.028558
7 3.144560 8801 0.032640
6 3.149640 8801 0.029610
5 3.146680 8801 0.025259
4 3.141640 8801 0.022350
3 3.152720 8801 0.020546
2 3.145480 8801 0.019074
1 3.136880 8801 0.002960
8 3.144560 8901 0.028525
7 3.142160 8901 0.029353
6 3.138000 8901 0.029429
5 3.141800 8901 0.027333
4 3.143360 8901 0.018175
3 3.139400 8901 0.022662
2 3.134240 8901 0.018803
1 3.151160 8901 0.002931
8 3.143520 9001 0.027329
7 3.141160 9001 0.028755
6 3.136520 9001 0.029264
5 3.130760 9001 0.025343
4 3.146480 9001 0.018196
3 3.142480 9001 0.021438
2 3.142240 9001 0.027946
1 3.145200 9001 0.002896
8 3.136680 9101 0.028069
7 3.134400 9101 0.028578
6 3.133120 9101 0.028997
5 3.141040 9101 0.025169
4 3.143920 9101 0.018685
3 3.143680 9101 0.021121
2 3.138360 9101 0.034760
1 3.129440 9101 0.002932
8 3.139040 9201 0.029349
7 3.140480 9201 0.028823
6 3.136760 9201 0.028962
5 3.142640 9201 0.024243
4 3.142120 9201 0.021340
3 3.139160 9201 0.017759
2 3.146640 9201 0.008203
1 3.140440 9201 0.003145
8 3.140240 9301 0.028116
7 3.142920 9301 0.028528
6 3.139640 9301 0.029303
5 3.128560 9301 0.024085
4 3.133000 9301 0.020991
3 3.129480 9301 0.017139
2 3.136240 9301 0.008435
1 3.143360 9301 0.003246
8 3.145040 9401 0.030033
7 3.146920 9401 0.028083
6 3.143080 9401 0.028559
5 3.135320 9401 0.023466
4 3.136320 9401 0.020859
3 3.150560 9401 0.022892
2 3.143800 9401 0.020979
1 3.145960 9401 0.002901
8 3.134960 9501 0.030322
7 3.145320 9501 0.029277
6 3.133000 9501 0.029357
5 3.150960 9501 0.025489
4 3.144880 9501 0.019217
3 3.133880 9501 0.021836
2 3.142360 9501 0.038624
1 3.132480 9501 0.002805
8 3.135320 9601 0.031585
7 3.135320 9601 0.029603
6 3.139400 9601 0.027922
5 3.144400 9601 0.026949
4 3.149800 9601 0.023739
3 3.148480 9601 0.022003
2 3.139840 9601 0.018882
1 3.152040 9601 0.002923
8 3.148400 9701 0.027811
7 3.149280 9701 0.029433
6 3.141720 9701 0.032284
5 3.142280 9701 0.023577
4 3.143880 9701 0.018909
3 3.144840 9701 0.023021
2 3.145840 9701 0.019309
1 3.141200 9701 0.002880
8 3.153520 9801 0.032777
7 3.146960 9801 0.026814
6 3.139040 9801 0.028409
5 3.136280 9801 0.025098
4 3.137760 9801 0.018437
3 3.140440 9801 0.021783
2 3.146160 9801 0.016907
1 3.134520 9801 0.002892
8 3.137680 9901 0.027210
7 3.129760 9901 0.028700
6 3.137840 9901 0.028546
5 3.139800 9901 0.022873
4 3.145160 9901 0.020407
3 3.134840 9901 0.017351
2 3.140440 9901 0.033686
1 3.146760 9901 0.002909
8 3.132040 10001 0.031808
7 3.142120 10001 0.028765
6 3.142280 10001 0.028091
5 3.139640 10001 0.025212
4 3.137040 10001 0.022356
3 3.137200 10001 0.017633
2 3.139480 10001 0.022516
1 3.135720 10001 0.002959
