NT	PI	CH	T
8 3.135560 1 0.038811
7 3.133720 1 0.028490
6 3.143880 1 0.023257
5 3.138480 1 0.022024
4 3.142320 1 0.019995
3 3.149240 1 0.021032
2 3.147000 1 0.028012
1 3.136000 1 0.003129
8 3.141760 101 0.022964
7 3.146480 101 0.022220
6 3.149920 101 0.022256
5 3.145200 101 0.021909
4 3.140920 101 0.017600
3 3.140720 101 0.019408
2 3.149280 101 0.029472
1 3.142040 101 0.002916
8 3.130400 201 0.035726
7 3.144400 201 0.021947
6 3.141600 201 0.021690
5 3.142640 201 0.022307
4 3.142080 201 0.020228
3 3.149040 201 0.019042
2 3.147200 201 0.034840
1 3.139080 201 0.002980
8 3.137160 301 0.022540
7 3.151440 301 0.022346
6 3.147560 301 0.021906
5 3.143320 301 0.021526
4 3.130120 301 0.020056
3 3.140720 301 0.019089
2 3.136400 301 0.032896
1 3.145640 301 0.003059
8 3.144960 401 0.022750
7 3.132760 401 0.022105
6 3.144800 401 0.022917
5 3.140680 401 0.022945
4 3.141000 401 0.020172
3 3.144320 401 0.022660
2 3.138240 401 0.034126
1 3.143000 401 0.002911
8 3.137280 501 0.034566
7 3.135400 501 0.024246
6 3.138920 501 0.023383
5 3.147440 501 0.023620
4 3.134080 501 0.019741
3 3.145160 501 0.018677
2 3.142480 501 0.036486
1 3.148400 501 0.002880
8 3.144920 601 0.024694
7 3.149400 601 0.030236
6 3.142240 601 0.023244
5 3.147240 601 0.022264
4 3.141320 601 0.021475
3 3.135320 601 0.018117
2 3.139440 601 0.023388
1 3.148680 601 0.002941
8 3.145120 701 0.021905
7 3.139360 701 0.023686
6 3.138760 701 0.024628
5 3.143320 701 0.023628
4 3.150440 701 0.020458
3 3.133840 701 0.019196
2 3.146600 701 0.038451
1 3.140400 701 0.003008
8 3.140360 801 0.023319
7 3.147640 801 0.026956
6 3.141160 801 0.023000
5 3.143000 801 0.022067
4 3.135560 801 0.018644
3 3.138320 801 0.020311
2 3.143880 801 0.037976
1 3.147120 801 0.002932
8 3.145200 901 0.030470
7 3.141520 901 0.024571
6 3.155520 901 0.025026
5 3.141640 901 0.023757
4 3.136840 901 0.020412
3 3.155400 901 0.018372
2 3.150520 901 0.035949
1 3.142360 901 0.002920
8 3.145720 1001 0.029277
7 3.143120 1001 0.025873
6 3.143840 1001 0.024704
5 3.150480 1001 0.023352
4 3.139040 1001 0.018903
3 3.145440 1001 0.021074
2 3.142600 1001 0.034370
1 3.133600 1001 0.003262
8 3.137640 1101 0.025189
7 3.146320 1101 0.025932
6 3.146040 1101 0.027007
5 3.136600 1101 0.022669
4 3.140800 1101 0.020029
3 3.138400 1101 0.019681
2 3.136320 1101 0.035534
1 3.150400 1101 0.002949
8 3.149520 1201 0.029238
7 3.145000 1201 0.025130
6 3.143880 1201 0.023492
5 3.141520 1201 0.022862
4 3.128880 1201 0.020594
3 3.145960 1201 0.017340
2 3.139280 1201 0.024956
1 3.139640 1201 0.003013
8 3.139080 1301 0.023930
7 3.142800 1301 0.024153
6 3.139120 1301 0.024029
5 3.144680 1301 0.023231
4 3.130440 1301 0.020667
3 3.132240 1301 0.017318
2 3.139760 1301 0.036480
1 3.142440 1301 0.003029
8 3.141080 1401 0.026600
7 3.134840 1401 0.037546
6 3.136240 1401 0.029747
5 3.132640 1401 0.023065
4 3.146320 1401 0.018947
3 3.139320 1401 0.021864
2 3.135640 1401 0.028285
1 3.148400 1401 0.003841
8 3.132680 1501 0.025603
7 3.147400 1501 0.031560
6 3.145680 1501 0.024371
5 3.138560 1501 0.022734
4 3.132920 1501 0.019943
3 3.149280 1501 0.021550
2 3.141280 1501 0.032487
1 3.135160 1501 0.002991
8 3.142640 1601 0.026147
7 3.153000 1601 0.023710
6 3.142760 1601 0.024214
5 3.136320 1601 0.023445
4 3.129040 1601 0.021246
3 3.134920 1601 0.021459
2 3.142280 1601 0.035787
1 3.133080 1601 0.002899
8 3.131680 1701 0.026439
7 3.132480 1701 0.024656
6 3.143360 1701 0.025340
5 3.141400 1701 0.023418
4 3.138600 1701 0.022815
3 3.134000 1701 0.018408
2 3.138520 1701 0.026487
1 3.135800 1701 0.003688
8 3.135640 1801 0.024225
7 3.149720 1801 0.032189
6 3.145680 1801 0.023220
5 3.139960 1801 0.023149
4 3.146000 1801 0.021193
3 3.143840 1801 0.021011
2 3.138200 1801 0.036382
1 3.146880 1801 0.002889
8 3.135120 1901 0.024124
7 3.131520 1901 0.027310
6 3.142160 1901 0.027125
5 3.151200 1901 0.023381
4 3.145800 1901 0.021670
3 3.135440 1901 0.017884
2 3.136280 1901 0.038642
1 3.141560 1901 0.002870
8 3.141880 2001 0.030024
7 3.138840 2001 0.025630
6 3.138120 2001 0.025669
5 3.139680 2001 0.022602
4 3.140800 2001 0.019350
3 3.131280 2001 0.020316
2 3.144120 2001 0.017431
1 3.148680 2001 0.003066
8 3.141320 2101 0.035521
7 3.141160 2101 0.024184
6 3.139480 2101 0.023907
5 3.126680 2101 0.023465
4 3.138120 2101 0.021010
3 3.133960 2101 0.020985
2 3.139440 2101 0.029306
1 3.149760 2101 0.003026
8 3.146360 2201 0.033214
7 3.134800 2201 0.028523
6 3.141680 2201 0.024588
5 3.142480 2201 0.022874
4 3.146720 2201 0.018866
3 3.145520 2201 0.022335
2 3.143560 2201 0.032947
1 3.135760 2201 0.002982
8 3.136080 2301 0.025937
7 3.134840 2301 0.024907
6 3.132400 2301 0.031111
5 3.141960 2301 0.023023
4 3.133000 2301 0.020333
3 3.146680 2301 0.018298
2 3.149560 2301 0.040809
1 3.151720 2301 0.002900
8 3.136920 2401 0.036158
7 3.149520 2401 0.025692
6 3.148200 2401 0.023765
5 3.142320 2401 0.022163
4 3.143360 2401 0.019091
3 3.143480 2401 0.018473
2 3.143760 2401 0.011052
1 3.130320 2401 0.003558
8 3.141280 2501 0.036037
7 3.149640 2501 0.023856
6 3.146000 2501 0.025008
5 3.143640 2501 0.021916
4 3.153400 2501 0.021084
3 3.134880 2501 0.022324
2 3.144520 2501 0.032927
1 3.142320 2501 0.003009
8 3.142280 2601 0.023526
7 3.146560 2601 0.024655
6 3.144680 2601 0.024033
5 3.131760 2601 0.022703
4 3.142960 2601 0.019203
3 3.140720 2601 0.022670
2 3.137440 2601 0.028378
1 3.132080 2601 0.002917
8 3.142080 2701 0.025381
7 3.141640 2701 0.024406
6 3.141080 2701 0.024368
5 3.142720 2701 0.021863
4 3.138560 2701 0.019296
3 3.151200 2701 0.009473
2 3.141240 2701 0.033108
1 3.132040 2701 0.003284
8 3.140360 2801 0.042275
7 3.131480 2801 0.028229
6 3.134360 2801 0.025119
5 3.136080 2801 0.021471
4 3.149720 2801 0.018244
3 3.139680 2801 0.015781
2 3.146240 2801 0.035823
1 3.140920 2801 0.003564
8 3.141080 2901 0.029677
7 3.140280 2901 0.033479
6 3.141080 2901 0.023959
5 3.131520 2901 0.022473
4 3.142680 2901 0.019269
3 3.145120 2901 0.015433
2 3.141000 2901 0.023719
1 3.144240 2901 0.003042
8 3.140400 3001 0.024517
7 3.139480 3001 0.032477
6 3.136840 3001 0.023949
5 3.133200 3001 0.022821
4 3.141480 3001 0.019266
3 3.136080 3001 0.015720
2 3.143720 3001 0.039208
1 3.148640 3001 0.002911
8 3.129880 3101 0.034134
7 3.136360 3101 0.026942
6 3.140760 3101 0.024109
5 3.139760 3101 0.022704
4 3.141440 3101 0.020755
3 3.140480 3101 0.019817
2 3.151040 3101 0.023800
1 3.156640 3101 0.002905
8 3.144800 3201 0.024307
7 3.153080 3201 0.030865
6 3.135680 3201 0.025413
5 3.141000 3201 0.022765
4 3.136600 3201 0.021268
3 3.134640 3201 0.018631
2 3.145160 3201 0.026139
1 3.137800 3201 0.003118
8 3.143920 3301 0.024003
7 3.141600 3301 0.022641
6 3.152320 3301 0.024188
5 3.139200 3301 0.023906
4 3.145360 3301 0.020651
3 3.145720 3301 0.014744
2 3.144280 3301 0.035545
1 3.138400 3301 0.003835
8 3.143440 3401 0.038209
7 3.146600 3401 0.028240
6 3.142520 3401 0.032658
5 3.134360 3401 0.022768
4 3.145320 3401 0.020676
3 3.130560 3401 0.019066
2 3.140720 3401 0.037727
1 3.144200 3401 0.002995
8 3.137480 3501 0.023165
7 3.126400 3501 0.024778
6 3.147360 3501 0.024492
5 3.136840 3501 0.022829
4 3.131640 3501 0.020765
3 3.138280 3501 0.016000
2 3.136360 3501 0.010565
1 3.141880 3501 0.003542
8 3.140840 3601 0.025366
7 3.144360 3601 0.034179
6 3.150280 3601 0.027653
5 3.139320 3601 0.026193
4 3.144920 3601 0.021883
3 3.145360 3601 0.021262
2 3.147080 3601 0.033288
1 3.152680 3601 0.003063
8 3.138840 3701 0.029796
7 3.154720 3701 0.027579
6 3.140880 3701 0.024468
5 3.136040 3701 0.022992
4 3.142360 3701 0.019628
3 3.149000 3701 0.018226
2 3.150120 3701 0.009751
1 3.145600 3701 0.003224
8 3.134560 3801 0.026018
7 3.146200 3801 0.027557
6 3.145040 3801 0.026092
5 3.128440 3801 0.025519
4 3.139920 3801 0.020087
3 3.144680 3801 0.019020
2 3.143800 3801 0.035351
1 3.139000 3801 0.002891
8 3.141920 3901 0.023916
7 3.142360 3901 0.030280
6 3.141560 3901 0.024367
5 3.146680 3901 0.023239
4 3.135600 3901 0.021642
3 3.138640 3901 0.022441
2 3.141240 3901 0.038643
1 3.142360 3901 0.002977
8 3.139680 4001 0.031377
7 3.137240 4001 0.026774
6 3.138800 4001 0.023876
5 3.137520 4001 0.023248
4 3.149240 4001 0.018599
3 3.137160 4001 0.019547
2 3.136880 4001 0.032399
1 3.146120 4001 0.002937
8 3.128960 4101 0.032009
7 3.142040 4101 0.031813
6 3.139640 4101 0.039387
5 3.135880 4101 0.024587
4 3.146120 4101 0.019310
3 3.141760 4101 0.018549
2 3.145360 4101 0.024899
1 3.139120 4101 0.003401
8 3.132640 4201 0.027394
7 3.142760 4201 0.030580
6 3.139280 4201 0.024340
5 3.142040 4201 0.023340
4 3.145840 4201 0.019058
3 3.146080 4201 0.021518
2 3.142680 4201 0.037956
1 3.142000 4201 0.003399
8 3.132320 4301 0.026157
7 3.145320 4301 0.024671
6 3.146480 4301 0.025042
5 3.139360 4301 0.024061
4 3.130320 4301 0.020228
3 3.142600 4301 0.022590
2 3.139880 4301 0.040090
1 3.145000 4301 0.002955
8 3.140200 4401 0.029233
7 3.147320 4401 0.026591
6 3.134520 4401 0.028750
5 3.140040 4401 0.024563
4 3.139000 4401 0.022441
3 3.146520 4401 0.021197
2 3.141400 4401 0.037335
1 3.141840 4401 0.002937
8 3.139520 4501 0.028166
7 3.139760 4501 0.023529
6 3.140840 4501 0.024795
5 3.148360 4501 0.025466
4 3.133800 4501 0.020498
3 3.137200 4501 0.022609
2 3.145000 4501 0.036585
1 3.140240 4501 0.002894
8 3.139040 4601 0.025611
7 3.144800 4601 0.025188
6 3.146080 4601 0.023571
5 3.139000 4601 0.021965
4 3.150720 4601 0.018653
3 3.139080 4601 0.017992
2 3.142520 4601 0.011769
1 3.146800 4601 0.002938
8 3.134960 4701 0.022404
7 3.139120 4701 0.027109
6 3.140720 4701 0.023760
5 3.144160 4701 0.023510
4 3.136840 4701 0.021053
3 3.147720 4701 0.021534
2 3.136600 4701 0.034552
1 3.146960 4701 0.003025
8 3.143440 4801 0.025179
7 3.147680 4801 0.024405
6 3.143160 4801 0.024454
5 3.146040 4801 0.021607
4 3.145640 4801 0.019659
3 3.140360 4801 0.015823
2 3.138320 4801 0.030398
1 3.138840 4801 0.003183
8 3.145040 4901 0.024457
7 3.140080 4901 0.024871
6 3.144720 4901 0.024679
5 3.142560 4901 0.022506
4 3.129400 4901 0.020344
3 3.139880 4901 0.021644
2 3.136240 4901 0.024406
1 3.136360 4901 0.002969
8 3.151440 5001 0.029213
7 3.135920 5001 0.024848
6 3.142320 5001 0.021471
5 3.141680 5001 0.025254
4 3.143280 5001 0.022122
3 3.145280 5001 0.019276
2 3.137240 5001 0.028102
1 3.135960 5001 0.002944
8 3.148840 5101 0.030063
7 3.133880 5101 0.040853
6 3.137440 5101 0.023940
5 3.142120 5101 0.023118
4 3.142960 5101 0.022513
3 3.142360 5101 0.021236
2 3.147760 5101 0.034312
1 3.139680 5101 0.002943
8 3.144880 5201 0.039010
7 3.146960 5201 0.027965
6 3.136720 5201 0.023612
5 3.140400 5201 0.023309
4 3.143560 5201 0.021582
3 3.138440 5201 0.022026
2 3.154160 5201 0.030614
1 3.146760 5201 0.003526
8 3.151400 5301 0.036469
7 3.141000 5301 0.029902
6 3.139280 5301 0.026174
5 3.133120 5301 0.022627
4 3.147560 5301 0.020924
3 3.139640 5301 0.022444
2 3.145400 5301 0.021603
1 3.141600 5301 0.003062
8 3.138200 5401 0.023531
7 3.145920 5401 0.028712
6 3.137560 5401 0.023818
5 3.143320 5401 0.024389
4 3.141520 5401 0.021543
3 3.146400 5401 0.022181
2 3.143360 5401 0.034098
1 3.136680 5401 0.003310
8 3.136360 5501 0.025607
7 3.137040 5501 0.024168
6 3.138640 5501 0.023953
5 3.136960 5501 0.022652
4 3.153840 5501 0.019112
3 3.133360 5501 0.020805
2 3.140640 5501 0.033168
1 3.153600 5501 0.002895
8 3.132040 5601 0.026573
7 3.147320 5601 0.026623
6 3.141040 5601 0.024882
5 3.139760 5601 0.022775
4 3.136200 5601 0.018082
3 3.143360 5601 0.018923
2 3.139200 5601 0.016605
1 3.143440 5601 0.003023
8 3.131720 5701 0.034717
7 3.148560 5701 0.026214
6 3.136000 5701 0.024693
5 3.134280 5701 0.024256
4 3.138960 5701 0.020329
3 3.147320 5701 0.021820
2 3.138360 5701 0.019819
1 3.144520 5701 0.002991
8 3.142280 5801 0.026657
7 3.138640 5801 0.024121
6 3.142400 5801 0.024357
5 3.135480 5801 0.024252
4 3.134480 5801 0.018335
3 3.140000 5801 0.021131
2 3.137720 5801 0.035917
1 3.147160 5801 0.003560
8 3.137720 5901 0.033498
7 3.140000 5901 0.025097
6 3.149160 5901 0.025847
5 3.143440 5901 0.023682
4 3.138680 5901 0.022820
3 3.131720 5901 0.022421
2 3.144120 5901 0.034630
1 3.145520 5901 0.003084
8 3.143400 6001 0.030022
7 3.142880 6001 0.023777
6 3.148720 6001 0.024854
5 3.144360 6001 0.022745
4 3.128200 6001 0.017892
3 3.149760 6001 0.015921
2 3.137320 6001 0.037253
1 3.143640 6001 0.002911
8 3.141880 6101 0.024894
7 3.133160 6101 0.025378
6 3.142880 6101 0.023084
5 3.149280 6101 0.023435
4 3.143120 6101 0.019707
3 3.145400 6101 0.022844
2 3.144040 6101 0.035769
1 3.140720 6101 0.003017
8 3.137120 6201 0.032956
7 3.141560 6201 0.031464
6 3.138400 6201 0.023137
5 3.150640 6201 0.023176
4 3.141000 6201 0.020140
3 3.143360 6201 0.021158
2 3.138960 6201 0.037798
1 3.133600 6201 0.002896
8 3.143800 6301 0.029740
7 3.144880 6301 0.023323
6 3.144760 6301 0.023617
5 3.139480 6301 0.020981
4 3.144280 6301 0.020323
3 3.132800 6301 0.017355
2 3.128560 6301 0.010486
1 3.136720 6301 0.003322
8 3.136280 6401 0.030020
7 3.146520 6401 0.023216
6 3.139680 6401 0.024970
5 3.145800 6401 0.023359
4 3.140040 6401 0.020573
3 3.142000 6401 0.023702
2 3.144600 6401 0.037986
1 3.143880 6401 0.002957
8 3.137680 6501 0.032480
7 3.146640 6501 0.031801
6 3.140000 6501 0.023879
5 3.136200 6501 0.022566
4 3.146240 6501 0.019836
3 3.141360 6501 0.017654
2 3.150240 6501 0.038370
1 3.136680 6501 0.003026
8 3.134920 6601 0.025048
7 3.147680 6601 0.027610
6 3.139400 6601 0.022749
5 3.140280 6601 0.022191
4 3.136760 6601 0.019123
3 3.139960 6601 0.014765
2 3.135320 6601 0.019696
1 3.137000 6601 0.004004
8 3.144640 6701 0.027928
7 3.133640 6701 0.032869
6 3.138640 6701 0.022975
5 3.137840 6701 0.022669
4 3.139920 6701 0.021638
3 3.141680 6701 0.021255
2 3.143720 6701 0.033573
1 3.132200 6701 0.003050
8 3.146840 6801 0.030686
7 3.137440 6801 0.024467
6 3.138960 6801 0.026407
5 3.138160 6801 0.025376
4 3.140320 6801 0.020529
3 3.135800 6801 0.018931
2 3.146680 6801 0.032376
1 3.141640 6801 0.002983
8 3.137200 6901 0.024251
7 3.142680 6901 0.024744
6 3.139320 6901 0.023423
5 3.145280 6901 0.022962
4 3.139760 6901 0.019599
3 3.131920 6901 0.020246
2 3.138880 6901 0.023874
1 3.145280 6901 0.003042
8 3.141400 7001 0.024875
7 3.146400 7001 0.024683
6 3.136520 7001 0.024052
5 3.139360 7001 0.023151
4 3.137960 7001 0.017216
3 3.137400 7001 0.016147
2 3.139600 7001 0.010027
1 3.142360 7001 0.003286
8 3.131880 7101 0.030288
7 3.143760 7101 0.024144
6 3.140800 7101 0.024151
5 3.149080 7101 0.021427
4 3.145560 7101 0.019317
3 3.138440 7101 0.018045
2 3.141000 7101 0.010369
1 3.135760 7101 0.003350
8 3.145040 7201 0.024813
7 3.137240 7201 0.027729
6 3.139440 7201 0.024760
5 3.142560 7201 0.021977
4 3.137680 7201 0.018314
3 3.137800 7201 0.015338
2 3.137040 7201 0.039046
1 3.143760 7201 0.002879
8 3.145600 7301 0.023964
7 3.136960 7301 0.028309
6 3.128440 7301 0.023387
5 3.140160 7301 0.024392
4 3.134320 7301 0.020107
3 3.139000 7301 0.023779
2 3.140640 7301 0.032019
1 3.142560 7301 0.002921
8 3.144280 7401 0.030373
7 3.140880 7401 0.024716
6 3.146400 7401 0.024931
5 3.138160 7401 0.024140
4 3.140200 7401 0.019132
3 3.138640 7401 0.023778
2 3.135960 7401 0.035214
1 3.143320 7401 0.003111
8 3.141280 7501 0.025059
7 3.142440 7501 0.026016
6 3.139840 7501 0.022837
5 3.139040 7501 0.022828
4 3.135840 7501 0.017873
3 3.133360 7501 0.015614
2 3.149760 7501 0.009248
1 3.149920 7501 0.003309
8 3.148840 7601 0.041111
7 3.148800 7601 0.024299
6 3.134960 7601 0.022897
5 3.138720 7601 0.022865
4 3.137400 7601 0.019521
3 3.137520 7601 0.018701
2 3.135840 7601 0.034211
1 3.147880 7601 0.003049
8 3.138600 7701 0.023639
7 3.144280 7701 0.027802
6 3.132200 7701 0.024800
5 3.142000 7701 0.022494
4 3.141040 7701 0.022021
3 3.135240 7701 0.021252
2 3.144000 7701 0.037427
1 3.140520 7701 0.002934
8 3.140400 7801 0.023819
7 3.137560 7801 0.025125
6 3.144600 7801 0.024088
5 3.145440 7801 0.021008
4 3.129080 7801 0.018687
3 3.137360 7801 0.016494
2 3.142520 7801 0.038083
1 3.138160 7801 0.003094
8 3.144480 7901 0.026557
7 3.145800 7901 0.028781
6 3.144360 7901 0.024285
5 3.139080 7901 0.023193
4 3.141280 7901 0.020934
3 3.136400 7901 0.021269
2 3.147720 7901 0.025865
1 3.142680 7901 0.002929
8 3.139360 8001 0.028139
7 3.146880 8001 0.026153
6 3.146400 8001 0.022867
5 3.131480 8001 0.025621
4 3.148320 8001 0.021452
3 3.143240 8001 0.018723
2 3.146320 8001 0.034714
1 3.150640 8001 0.003061
8 3.145800 8101 0.027871
7 3.145520 8101 0.026582
6 3.150520 8101 0.026228
5 3.129800 8101 0.023272
4 3.135880 8101 0.019854
3 3.128640 8101 0.023756
2 3.134480 8101 0.035980
1 3.143960 8101 0.002883
8 3.135360 8201 0.024361
7 3.140160 8201 0.027726
6 3.138000 8201 0.023429
5 3.148360 8201 0.026611
4 3.131880 8201 0.020628
3 3.135000 8201 0.023717
2 3.137960 8201 0.035558
1 3.139880 8201 0.003071
8 3.133920 8301 0.025512
7 3.139640 8301 0.030785
6 3.146000 8301 0.024495
5 3.137240 8301 0.023630
4 3.143640 8301 0.019158
3 3.138720 8301 0.022419
2 3.145720 8301 0.036992
1 3.145760 8301 0.003026
8 3.136040 8401 0.033800
7 3.133840 8401 0.026012
6 3.146560 8401 0.025041
5 3.138400 8401 0.025358
4 3.139520 8401 0.021092
3 3.134880 8401 0.021505
2 3.145160 8401 0.033843
1 3.142720 8401 0.002940
8 3.135160 8501 0.023531
7 3.142400 8501 0.028633
6 3.138480 8501 0.024108
5 3.137560 8501 0.026676
4 3.149840 8501 0.019478
3 3.153000 8501 0.019079
2 3.139640 8501 0.032323
1 3.136720 8501 0.003039
8 3.140200 8601 0.031150
7 3.138480 8601 0.025838
6 3.145080 8601 0.026212
5 3.150480 8601 0.025909
4 3.142400 8601 0.018628
3 3.147160 8601 0.022436
2 3.141160 8601 0.037287
1 3.138840 8601 0.003074
8 3.152080 8701 0.024748
7 3.133120 8701 0.025596
6 3.132920 8701 0.024563
5 3.153680 8701 0.021598
4 3.145320 8701 0.019416
3 3.137520 8701 0.016870
2 3.143240 8701 0.037317
1 3.140960 8701 0.002943
8 3.138840 8801 0.029609
7 3.144360 8801 0.024888
6 3.137000 8801 0.025762
5 3.143240 8801 0.022437
4 3.139280 8801 0.021241
3 3.135040 8801 0.022507
2 3.140920 8801 0.025913
1 3.139720 8801 0.003470
8 3.160640 8901 0.024549
7 3.141400 8901 0.029953
6 3.128320 8901 0.023088
5 3.143040 8901 0.024017
4 3.134240 8901 0.021038
3 3.138480 8901 0.021584
2 3.138080 8901 0.038479
1 3.145320 8901 0.003384
8 3.138640 9001 0.027391
7 3.142560 9001 0.023795
6 3.141880 9001 0.024847
5 3.140680 9001 0.024197
4 3.149880 9001 0.019253
3 3.135600 9001 0.015672
2 3.140960 9001 0.024904
1 3.141400 9001 0.002891
8 3.143680 9101 0.037696
7 3.147240 9101 0.027786
6 3.146120 9101 0.024566
5 3.149480 9101 0.021347
4 3.130720 9101 0.020879
3 3.144560 9101 0.021893
2 3.148680 9101 0.034079
1 3.144840 9101 0.002897
8 3.142240 9201 0.024242
7 3.131920 9201 0.023590
6 3.137200 9201 0.023256
5 3.140280 9201 0.023490
4 3.136720 9201 0.021415
3 3.144800 9201 0.023841
2 3.140280 9201 0.022106
1 3.143240 9201 0.003119
8 3.137520 9301 0.023279
7 3.143600 9301 0.022981
6 3.145240 9301 0.023649
5 3.138480 9301 0.022961
4 3.141280 9301 0.019096
3 3.134880 9301 0.020808
2 3.135960 9301 0.018521
1 3.148560 9301 0.003183
8 3.144720 9401 0.024367
7 3.151800 9401 0.031859
6 3.143400 9401 0.024066
5 3.139200 9401 0.023783
4 3.149560 9401 0.021378
3 3.147720 9401 0.021743
2 3.144960 9401 0.032443
1 3.140520 9401 0.002881
8 3.138400 9501 0.023268
7 3.135280 9501 0.023423
6 3.148240 9501 0.023411
5 3.140600 9501 0.026424
4 3.146920 9501 0.018528
3 3.143480 9501 0.018599
2 3.147520 9501 0.037324
1 3.149600 9501 0.002882
8 3.133880 9601 0.029270
7 3.137840 9601 0.025891
6 3.147320 9601 0.024722
5 3.149080 9601 0.023330
4 3.136120 9601 0.021737
3 3.144360 9601 0.021610
2 3.139200 9601 0.037619
1 3.144520 9601 0.003052
8 3.143040 9701 0.024777
7 3.144360 9701 0.032974
6 3.132040 9701 0.024501
5 3.134960 9701 0.023538
4 3.137280 9701 0.021668
3 3.147240 9701 0.019583
2 3.141520 9701 0.028622
1 3.144240 9701 0.003144
8 3.149160 9801 0.028447
7 3.139840 9801 0.029557
6 3.144840 9801 0.023223
5 3.146760 9801 0.023864
4 3.137560 9801 0.022066
3 3.141520 9801 0.021673
2 3.148360 9801 0.035314
1 3.139480 9801 0.002917
8 3.132680 9901 0.027739
7 3.142920 9901 0.023850
6 3.132880 9901 0.025223
5 3.136760 9901 0.021760
4 3.142800 9901 0.019001
3 3.143600 9901 0.016557
2 3.142560 9901 0.035684
1 3.149200 9901 0.002883
8 3.146360 10001 0.032480
7 3.144840 10001 0.025031
6 3.147720 10001 0.023423
5 3.140960 10001 0.022814
4 3.146880 10001 0.020240
3 3.139720 10001 0.016843
2 3.150320 10001 0.033699
1 3.135560 10001 0.003060
